Identifier,NodeType,followers,Following,connections
06wj,user,51,51,102
0MeMyself,user,0,4,4
0x00A,user,51,51,102
0x5e,user,51,51,102
0xNacho,user,51,51,102
1010sunflower,user,0,3,3
1129121387,user,3,1,4
13meimei,user,4,51,55
1anc3r,user,20,34,54
1c7,user,49,51,100
2tarotk,user,51,51,102
2XL,user,13,4,17
456838,user,0,2,2
4eek,user,17,17,34
6thSence,user,51,51,102
730leo,user,1,15,16
798714773,user,1,3,4
7sDream,user,51,0,51
88250,user,51,51,102
9seconds,user,35,23,58
a2wd,user,12,10,22
a494413872,user,2,3,5
aaaron7,user,43,31,74
aadarshasubedi,user,1,7,8
aadityabagga,user,21,51,72
aamiralahazan,user,3,51,54
aardelean,user,1,0,1
aarongable,user,51,0,51
aaronmiller,user,13,31,44
aatibudhi,user,17,51,68
ab9x3jhx6a,user,4,4,8
abaer,user,3,2,5
abaeyens,user,3,2,5
abdulabbas,user,51,51,102
abelborges,user,13,51,64
AbhiAgarwal,user,51,51,102
abhishek-ch,user,51,51,102
abhishekluv,user,51,51,102
abigos,user,3,1,4
abop,user,51,2,53
abruzzihraig,user,51,51,102
AbuYami,user,51,51,102
aceway,user,14,49,63
acrens,user,19,28,47
action4988,user,0,4,4
ACzero,user,11,13,24
AdamFraserGitHub,user,1,7,8
adamtha,user,4,42,46
AddictedCS,user,33,0,33
a-despres,user,5,4,9
adminfyy,user,5,5,10
AeronStory,user,51,51,102
Aeropio,user,6,78,84
Aevit,user,51,1,52
agabardo,user,44,51,95
agapple,user,51,10,61
agortega,user,15,49,64
ahangchen,user,51,49,100
AidraFox,user,7,8,15
aikomastboom,user,8,6,14
airen,user,51,51,102
akemimadoka,user,25,51,76
Akira-Hayasaka,user,51,51,102
akochemasov,user,1,7,8
akoeplinger,user,51,0,51
alain01,user,7,1,8
alex3alex,user,1,25,26
alexanderkyte,user,30,2,32
alex-cory,user,51,51,102
alexinea,user,43,41,84
alexischr,user,51,16,67
alexsomai,user,27,51,78
AlexxNica,user,16,51,67
alfonsodg,user,9,2,11
alicaglayan,user,51,51,102
alirezaghorbani,user,17,51,68
AllenChiangCN,user,6,16,22
Allenxuxu,user,1,10,11
alleyvandal,user,4,1,5
alonevision,user,7,6,13
alsotang,user,51,51,102
amanoberoi,user,2,0,2
amar-laksh,user,18,51,69
amcharts,user,39,0,39
amdgigabyte,user,43,44,87
amethyst-asuka,user,2,2,4
AmiBang,user,9,23,32
amir-khakshour,user,5,9,14
amkurian,user,6,8,14
ammouna1982,user,0,1,1
amobiz,user,51,51,102
amor520,user,14,51,65
anaidgit,user,6,1,7
analogt,user,6,11,17
aNd1coder,user,25,27,52
andela-akhenda,user,3,7,10
andela-tolotin,user,48,51,99
andersy005,user,21,34,55
AndiChiou,user,51,51,102
andismith,user,51,16,67
Andrax,user,19,20,39
AndreaPaciolla,user,5,17,22
andrearruda,user,7,51,58
andreguedes,user,48,51,99
andresmontoyat,user,34,51,85
andresrobam,user,1,0,1
andrewdownie,user,19,15,34
andrewngu,user,51,6,57
andrewscaya,user,7,23,30
andrewsyc,user,51,21,72
andreztz,user,37,51,88
androa,user,22,10,32
AndroidJiang,user,27,3,30
androidmalin,user,51,51,102
andykamath,user,51,51,102
AndyXuweijun,user,0,2,2
Andy-Yin,user,0,8,8
AngelaMolina,user,17,0,17
Angelfirenze01,user,20,20,40
angelorocha,user,18,26,44
AngusG,user,9,5,14
angusshire,user,51,51,102
aniruddh214,user,13,51,64
AnirudhaS,user,5,1,6
ankitson,user,10,39,49
anthonychu,user,24,2,26
antoinekociuba,user,10,23,33
antontuzov,user,41,51,92
anujb,user,51,3,54
anurse,user,51,3,54
anuruddhal,user,2,0,2
aporat,user,51,51,102
AppDev666,user,20,51,71
arabxoops,user,8,2,10
arbo-hacker,user,13,42,55
arcanu5,user,15,16,31
ariana2000,user,14,51,65
arisilver,user,1,0,1
arizona2014,user,37,37,74
armintoepfer,user,10,5,15
arterli,user,16,0,16
artlila,user,6,2,8
arturadib,user,51,0,51
asandyz,user,6,2,8
AshrafAlam,user,16,24,40
ask,user,51,51,102
aslani606,user,7,1,8
asmjahid,user,6,22,28
astaxie,user,51,17,68
atian25,user,51,51,102
audeSt,user,15,26,41
audreyt,user,51,0,51
AugustLONG,user,11,51,62
aui,user,51,3,54
aungmyohtet,user,10,7,17
avereha,user,16,36,52
AVINASH20KUMAR,user,0,2,2
avisrivastava254084,user,9,13,22
avoliva,user,16,15,31
AwledOmara,user,2,6,8
azhararmar,user,1,3,4
b18arundhati,user,10,51,61
backjy,user,39,2,41
backToNature,user,17,12,29
bagder,user,51,14,65
bakins,user,51,15,66
bakso,user,38,36,74
Ballinger1215,user,51,51,102
baotiao,user,51,51,102
bb-drummer,user,4,18,22
bbonkr,user,15,26,41
bbsunchen,user,13,24,37
beali,user,51,51,102
BecksHwang,user,2,11,13
beerecca,user,21,8,29
beizhedenglong,user,4,17,21
benjaminaaron,user,43,51,94
benjycui,user,51,14,65
bennadel,user,51,0,51
benyaminsalimi,user,21,18,39
bernardofire,user,51,51,102
BFush,user,51,51,102
bgruszka,user,34,34,68
biank88,user,3,11,14
bicycleChen,user,10,51,61
biemster,user,1,0,1
biezhi,user,51,35,86
bikz05,user,51,0,51
billfeller,user,22,2,24
bineeshhd,user,14,17,31
bingoogolapple,user,51,51,102
binux,user,51,7,58
bioIkke,user,2,6,8
bioinformatist,user,8,0,8
bitcero,user,22,3,25
bjaysheel,user,2,0,2
bjcubsfan,user,4,5,9
b-k,user,46,1,47
blackhamm3rjack,user,51,51,102
blang,user,23,17,40
Blockchains,user,13,51,64
bloodycoder,user,51,51,102
bnbowman,user,25,7,32
bobbyangelov,user,19,51,70
bobvanluijt,user,13,9,22
bobzhang,user,51,14,65
bocher,user,0,51,51
bocyou,user,2,9,11
border,user,51,51,102
Bottersnike,user,2,1,3
boxizen,user,35,51,86
BR903,user,26,0,26
bradpotts,user,19,18,37
bratao,user,14,40,54
breezedeus,user,41,2,43
brenj,user,5,1,6
brent-halen,user,5,28,33
BrianJenney,user,26,31,57
briannaorg,user,11,10,21
brspurri,user,4,1,5
Bruno-bai,user,1,1,2
brunocasanova,user,51,51,102
brunocvcunha,user,51,51,102
brutaldev,user,13,0,13
Bryio,user,7,21,28
bubkoo,user,51,4,55
buckyroberts,user,51,31,82
bukola1,user,5,51,56
bulletRush,user,7,40,47
burakdirin,user,19,51,70
BUS-OGD,user,9,0,9
Buttonwood,user,13,31,44
Byelaney,user,22,42,64
bytescout,user,4,0,4
BYVoid,user,51,51,102
cahergil,user,10,19,29
cain2,user,51,51,102
caldera,user,1,16,17
cambusa,user,51,51,102
candysun520,user,0,51,51
caomw,user,50,51,101
cardoso010,user,4,34,38
carlgik4,user,6,10,16
CarlosBorroto,user,14,2,16
carlospuk,user,5,0,5
carozhu,user,12,51,63
carrieqianqian,user,1,15,16
casesandberg,user,51,13,64
cashionlee22,user,1,8,9
cataska,user,35,0,35
Catlady,user,1,0,1
cbycraft,user,2,3,5
ccalbaugh,user,15,26,41
ccrraaiigg,user,11,7,18
cdepman,user,51,51,102
CecilLee,user,24,50,74
centralpark,user,1,3,4
cesagonchu,user,14,19,33
cfeeney5,user,1,0,1
cfsghost,user,51,17,68
Ch3ck,user,51,51,102
chali,user,7,2,9
chamindias,user,1,0,1
chances,user,39,46,85
changjingli,user,4,9,13
chapmanb,user,51,51,102
chaselee,user,40,11,51
chefxu,user,12,1,13
chenguanzhou,user,37,20,57
chengxxxxwang,user,13,51,64
chengyongxin1983,user,1,4,5
chenjie19891104,user,6,0,6
chenshuo,user,51,7,58
chentao0707,user,51,51,102
chentsulin,user,51,51,102
chenyoufu,user,51,51,102
chenyufeng1991,user,51,14,65
cherrywind,user,3,20,23
chi6rag,user,51,51,102
chiehwen,user,51,51,102
chihiro,user,51,51,102
chinashiyu,user,51,51,102
chong0808,user,4,30,34
chongbenben,user,51,51,102
ChongWu-Biostat,user,4,3,7
chrisadkin,user,2,0,2
chrisaljoudi,user,51,0,51
ChrisMarinos,user,31,0,31
chrisroberts,user,51,4,55
christian-vigh,user,1,0,1
christopherpeaden,user,4,8,12
chsakell,user,51,24,75
ciaoca,user,51,6,57
ciervogris,user,51,51,102
Cifug,user,4,4,8
Cinchoo,user,2,0,2
cjpan,user,3,8,11
clarus,user,51,5,56
clearz,user,1,0,1
cllgeek,user,51,38,89
cloudwu,user,51,1,52
clown-0726,user,6,6,12
clowwindy,user,51,36,87
cmcantalupo,user,12,9,21
cmonkey,user,11,51,62
Cn33liz,user,51,3,54
cobain,user,25,51,76
codeapps,user,51,51,102
codediodeio,user,13,15,28
codegracie,user,51,51,102
codeguy,user,51,11,62
codephillip,user,15,43,58
coder-han,user,7,10,17
codingforentrepreneurs,user,51,0,51
CodyReichert,user,32,51,83
coffeedeveloper,user,25,31,56
coin8086,user,30,15,45
coldnew,user,51,38,89
conioh,user,2,6,8
CookiesNCream,user,17,19,36
cool-RR,user,51,1,52
coomstoolbox,user,1,0,1
copygift,user,51,51,102
corderogerardo,user,46,51,97
Counterfeiter,user,5,0,5
cpinan,user,51,33,84
cqxmzhc,user,10,35,45
c-rack,user,51,36,87
CracKerMe,user,3,9,12
craiglotter,user,2,1,3
cralison,user,11,51,62
craptalk,user,4,7,11
crawford,user,51,3,54
crizzo,user,8,19,27
Croquet,user,0,1,1
crosslife,user,51,51,102
crosswall,user,51,43,94
Crystark,user,3,2,5
cs24,user,4,13,17
csjunxu,user,3,8,11
csunsong,user,4,3,7
cupkee,user,2,0,2
cusspvz,user,51,51,102
cw1997,user,29,26,55
cwchiu,user,4,1,5
cyanzhong,user,51,23,74
cyber2200,user,3,4,7
cynical89,user,51,51,102
d87335903,user,51,51,102
dadasoz,user,5,51,56
dahjson,user,20,20,40
dakaii,user,5,4,9
dalanmiller,user,51,51,102
dalexander,user,25,47,72
DanAlbert,user,31,10,41
dancerphil,user,22,51,73
danibrutal,user,12,29,41
DanilloCorvalan,user,15,9,24
danjesus,user,51,51,102
danny200309,user,43,51,94
daocloud-hwu,user,3,1,4
daphnied,user,9,13,22
darkhood,user,51,51,102
DarrenRainey,user,5,16,21
datailluminations,user,8,0,8
daviddt,user,19,6,25
DavidHavl,user,5,17,22
davidkingzyb,user,21,27,48
davidreghay,user,3,4,7
dazzlesoftware,user,11,8,19
DBarthe,user,33,51,84
dcefram,user,9,8,17
DChinin,user,15,7,22
dcrozz,user,9,15,24
deborahelizabethpadilla,user,15,49,64
deegles,user,45,14,59
DeepLearningPKU,user,0,3,3
deesims,user,17,18,35
DELTANOTE,user,6,8,14
demon7452,user,10,30,40
dengyi1992,user,51,51,102
denjones,user,31,3,34
dennismagno,user,51,0,51
depthlove,user,51,35,86
derickfelix,user,2,7,9
desaetiis,user,1,1,2
DetingJJ,user,0,2,2
dev0x10,user,2,29,31
devsignxyz,user,6,15,21
devunwired,user,51,5,56
DexterInd,user,51,20,71
dgarriga,user,4,3,7
dgram,user,5,41,46
dgrapov,user,51,0,51
dgrtwo,user,51,9,60
dhelbegor,user,51,51,102
dhruv,user,18,20,38
dieforfree,user,21,1,22
DigitalFlow,user,11,23,34
dimanyc,user,45,51,96
dimircea,user,4,1,5
dimitriwalters,user,44,43,87
dingxiaowei,user,7,20,27
dingyiming,user,51,51,102
dio9527,user,3,36,39
diogob,user,51,11,62
dirkliu,user,51,51,102
dirtysalt,user,51,3,54
div-wang,user,21,42,63
divyansha,user,4,10,14
DIYgod,user,51,51,102
djculex,user,10,4,14
Djelibeybi,user,49,5,54
dlanileonardo,user,22,40,62
dmethvin,user,51,1,52
dmfarcas,user,30,51,81
dogukankotan,user,12,25,37
Dogzhou,user,38,50,88
dolphintwo,user,2,6,8
DonaldDu,user,1,1,2
donghuagif,user,51,51,102
donly,user,6,7,13
donpark,user,51,49,100
doodersrage,user,23,23,46
doomsterinc,user,29,51,80
dotscript,user,51,51,102
douglasgscofield,user,18,7,25
dougmolineux,user,39,51,90
dowrow,user,40,51,91
dq5070410,user,0,16,16
dragosh,user,12,6,18
drakeet,user,51,51,102
drawnepicenter,user,4,51,55
DreaminginCodeZH,user,51,51,102
dreamkidd,user,39,43,82
drme,user,8,0,8
droazen,user,9,0,9
DroidScript,user,7,0,7
drusepth,user,51,28,79
DshtAnger,user,3,8,11
dualface,user,51,5,56
Dunkelheit,user,11,11,22
dutn158,user,20,51,71
dvdwinden,user,7,10,17
dvillagra,user,5,1,6
DwightDing,user,18,51,69
dwmkerr,user,51,2,53
dzyhenry,user,21,51,72
E1101,user,27,51,78
e419,user,16,22,38
EarvinKayonga,user,7,51,58
ebabel-eu,user,11,15,26
Ebaneck,user,2,3,5
Ebwin-lee,user,1,3,4
edawson,user,16,3,19
eddelbuettel,user,51,34,85
edersonlrf,user,20,51,71
edgeSuperman,user,6,2,8
EdoLabWorks,user,50,51,101
eduardonunesp,user,51,51,102
edu-bot,user,51,51,102
eduramirezh,user,12,51,63
eicca,user,17,11,28
ekalinin,user,51,51,102
ekeyme,user,2,4,6
ekinhbayar,user,19,51,70
e-lain,user,1,5,6
ele828,user,51,51,102
elerch,user,5,0,5
eliehirschfield,user,3,51,54
elkdanger,user,6,5,11
elm-,user,10,2,12
elnatnal,user,11,22,33
EmmaGrassi,user,4,51,55
endymecy,user,51,24,75
enix223,user,6,30,36
enlyn,user,3,2,5
ErikAugust,user,41,51,92
eriknstr,user,47,51,98
ersel,user,19,51,70
esonderegger,user,15,27,42
espeed,user,51,51,102
estoev,user,1,0,1
etarzan,user,4,7,11
etopian,user,51,51,102
EvanHahn,user,51,51,102
everthis,user,22,51,73
Evertonnrb,user,8,12,20
evgv,user,1,2,3
evilband7,user,4,9,13
evilcos,user,51,7,58
Evilmass,user,6,6,12
evinw,user,51,51,102
evolvedmicrobe,user,30,51,81
existenzial,user,43,51,94
exo-m,user,1,1,2
eyas-ranjous,user,22,33,55
fabienfeat,user,2,7,9
fabiocarneiro,user,35,51,86
fabricelepro,user,23,51,74
Fafnur,user,38,5,43
Faithful-Mind,user,4,16,20
fakefish,user,51,51,102
fangwei716,user,51,0,51
FarhadHey96,user,8,51,59
farskid,user,12,51,63
fcschmidt,user,28,51,79
fedelaney,user,5,4,9
felipenoris,user,21,51,72
fengmk2,user,51,51,102
FengYuHe,user,22,32,54
ferbncode,user,38,51,89
fermion42,user,24,20,44
fernadosilva,user,4,0,4
fernanDOTdo,user,27,51,78
feuyeux,user,51,13,64
fgliu,user,18,51,69
fighteryu,user,1,22,23
fin618,user,3,51,54
finderabd135,user,15,51,66
finscn,user,51,25,76
FinWarman,user,12,25,37
fletcher,user,51,0,51
flfwzgl,user,24,51,75
flingjie,user,19,51,70
fntlnz,user,51,51,102
fomightez,user,38,51,89
footearth,user,51,51,102
fordream,user,51,51,102
FortisFortuna,user,5,8,13
fostion,user,18,51,69
foxbot,user,8,1,9
FrankHuangSZ,user,1,3,4
frankqnj,user,25,1,26
frankscholten,user,51,51,102
Frank-Zhu,user,51,51,102
fritx,user,51,51,102
Froguard,user,17,51,68
front-thinking,user,33,39,72
ftylitak,user,5,5,10
fukamachi,user,51,51,102
Fuliwei,user,1,22,23
fultonm,user,9,9,18
func-hs,user,51,51,102
fundon,user,51,51,102
funneld,user,10,0,10
funzin,user,31,40,71
fuser002,user,16,51,67
fusijie,user,51,44,95
fuyajun1983cn,user,4,10,14
fwahlqvist,user,12,51,63
fwon,user,50,40,90
gaborcsardi,user,51,25,76
GabrielCzar,user,5,14,19
gabriel-laddel,user,41,51,92
gabrielpconceicao,user,51,51,102
gabrielsoft,user,10,11,21
galindoRosendo,user,16,22,38
gaohailang,user,51,51,102
gaojunxuan,user,22,37,59
gaorongchao,user,20,21,41
garrettheel,user,10,5,15
gat3way,user,51,0,51
Gaubee,user,41,31,72
gcidea,user,15,34,49
geeeeeeeeek,user,51,51,102
geek01,user,8,2,10
geekwright,user,19,1,20
geminiwen,user,51,30,81
gemmadlou,user,15,40,55
geneotech,user,22,30,52
genetics-potato,user,2,2,4
geoffclapp,user,3,8,11
geraldo-netto,user,12,51,63
gesneriana,user,1,0,1
geyingqi,user,1,1,2
gfreewind,user,51,2,53
GhitaB,user,39,51,90
ghostchef,user,3,9,12
Ghost-Rider-gu,user,15,51,66
ghostzhang,user,51,8,59
gintern,user,51,51,102
giraffe0813,user,51,51,102
GitFuture,user,33,51,84
githubparty,user,36,35,71
GLchina,user,0,8,8
glynnw,user,20,51,71
gnawux,user,51,10,61
gnebehay,user,51,8,59
gnetsys,user,10,29,39
Gnimuc,user,9,25,34
GolfenGuo,user,16,3,19
gooooglekai,user,3,26,29
Gooooodman,user,51,51,102
Gottox,user,51,20,71
gph03n1x,user,16,30,46
GrayLight,user,6,15,21
greatgeekgrace,user,18,4,22
Grey2k,user,3,10,13
gritt,user,51,51,102
grushetsky,user,9,16,25
gs-ysingh,user,10,20,30
gtallen1187,user,51,51,102
GuangchuangYu,user,51,51,102
gugakatsi,user,14,51,65
guibog,user,51,51,102
guoming0000,user,26,9,35
guoxiaojun001,user,27,51,78
guoxipeng,user,7,51,58
guo-yu,user,51,51,102
gyaanii,user,2,3,5
H07000223,user,51,51,102
h4t0n,user,23,32,55
H-Abdel,user,17,26,43
hadley,user,51,7,58
haffo,user,2,0,2
hakimel,user,51,28,79
hallaathrad,user,51,15,66
Hallmanac,user,10,6,16
hamidsardar,user,34,40,74
Hamilphen,user,3,48,51
HammyHavoc,user,13,23,36
hamuchiwa,user,51,4,55
hamzahasbi,user,14,46,60
hanchao,user,25,21,46
handoing,user,44,51,95
hanekaoru,user,20,33,53
hanmichael,user,50,51,101
hanxi,user,51,15,66
haoel,user,51,15,66
happyqq,user,51,51,102
harrylippy,user,3,2,5
Harry-Zhi,user,1,17,18
hars1014,user,2,17,19
hassanhibbert,user,6,31,37
hastinbe,user,6,11,17
HatsuneMoe,user,2,6,8
hazelGranger,user,13,28,41
hbuyse,user,6,9,15
HCCorvacho,user,16,48,64
hczheng,user,2,15,17
hehead,user,51,51,102
hellometers,user,51,20,71
helloqingfeng,user,51,51,102
HelloWorld1200,user,1,12,13
HelloWorldImW,user,14,14,28
herbyme,user,11,2,13
HeshamAbdalla,user,20,33,53
hex-ci,user,51,36,87
hexenskull,user,1,3,4
Hexhu,user,10,51,61
Heyula,user,8,14,22
hfcorriez,user,51,39,90
hieubuiduc,user,8,12,20
hingjam,user,12,24,36
hiroakioishi,user,43,38,81
hjforever,user,13,27,40
hjz941225,user,0,3,3
hoangcuongflp,user,34,51,85
hoeness2,user,1,0,1
HoneyBabe,user,1,51,52
hongru,user,51,16,67
HotBitmapGG,user,51,51,102
hpvdc,user,16,31,47
HQarroum,user,51,51,102
hryniuk,user,46,51,97
hu1991die,user,30,51,81
huangynn,user,4,0,4
huanz,user,51,51,102
hueidou,user,25,39,64
hugochan,user,16,48,64
hugohua,user,51,9,60
hunj,user,26,51,77
huruji,user,51,51,102
HusseinSD,user,6,17,23
hustcc,user,51,22,73
hustnaive,user,12,43,55
HuTianQi,user,51,7,58
Huxpro,user,51,28,79
huyndx,user,8,12,20
hwclass,user,51,51,102
hwwn,user,1,7,8
iain,user,51,36,87
iamjoel,user,51,51,102
ibab,user,51,51,102
ibireme,user,51,51,102
icarusion,user,51,9,60
icaynia,user,12,51,63
icefox0801,user,42,46,88
idoop,user,1,12,13
ifatree,user,1,0,1
iGingko,user,17,51,68
IgorDePaula,user,51,51,102
igrr,user,51,2,53
ihor,user,51,51,102
ihua,user,13,51,64
ijohns,user,8,14,22
IKende,user,51,2,53
ikhsanalatsary,user,15,46,61
ILander,user,4,3,7
iloire,user,51,2,53
imfrant,user,10,8,18
imgarylai,user,51,51,102
imknown,user,51,51,102
imraazrally,user,51,51,102
IndexXuan,user,24,40,64
indexzero,user,51,51,102
infyhr,user,19,34,53
InspectorFowler,user,1,0,1
Integralist,user,51,9,60
inX95,user,6,32,38
Inzaghi2012,user,12,51,63
ipader,user,51,44,95
ipanardian,user,51,51,102
iScript,user,15,13,28
ishowshao,user,35,27,62
ithzhang,user,3,0,3
itwanggj,user,46,51,97
ItzLevvie,user,44,44,88
iunderwood,user,8,2,10
ivane,user,19,0,19
ivanseidel,user,51,10,61
ivan-zapreev,user,4,19,23
ivmarkp,user,5,17,22
Ivykp,user,11,22,33
Jack-Rose,user,5,32,37
JacksonTian,user,51,51,102
JackZhangfromChina,user,2,51,53
jacobgil,user,43,9,52
jaeejones,user,8,7,15
jamen,user,51,51,102
jameshilliard,user,29,2,31
jameslz,user,51,51,102
jamesmuldrow,user,8,17,25
JamesNewton,user,8,6,14
jango2015,user,28,51,79
janindu2r,user,3,7,10
janl,user,51,51,102
jans1086,user,2,7,9
JAremko,user,16,16,32
jarry,user,20,46,66
jasl,user,51,51,102
JasonDarkX2,user,30,26,56
jasonkwh,user,2,1,3
jasonlingo,user,9,11,20
JasonYeDH,user,4,51,55
jatanpatel92,user,25,51,76
javogel,user,8,51,59
jaxbot,user,51,51,102
JayFang1993,user,51,37,88
jayli,user,51,16,67
JaySekulow15,user,8,51,59
jaywcjlove,user,51,51,102
jcjohnson,user,51,8,59
jculpon,user,13,6,19
JDfantasy,user,3,1,4
jech,user,51,0,51
jefersondaniel,user,18,48,66
Jeffiy,user,29,51,80
JeffLi1993,user,51,25,76
JeffreyRichter,user,51,0,51
jeffsilverm,user,16,12,28
Jeikosd,user,38,51,89
jennylia,user,28,51,79
jensk,user,31,51,82
jeongjuwon,user,11,22,33
JeorgeMatt,user,51,51,102
jeromeludmann,user,15,46,61
JesseLiberty,user,14,1,15
jethrovt,user,8,21,29
jfalkner,user,18,5,23
jfgjunior,user,14,21,35
jgamblin,user,51,2,53
jh00nbr,user,51,51,102
Jhy1993,user,0,27,27
jiangnan31,user,5,18,23
JiangqiQAQ,user,17,26,43
jiangzhengnan,user,24,28,52
JiayiLi,user,19,51,70
jiegzhan,user,42,51,93
jiji262,user,51,51,102
jimhester,user,51,9,60
JimLiu,user,51,51,102
jinfagang,user,2,0,2
jinlong,user,51,40,91
jireva,user,3,2,5
jjby,user,2,0,2
jjenkov,user,51,0,51
jjgod,user,51,8,59
jjyb,user,2,51,53
jkarnows,user,17,43,60
jkielman,user,5,12,17
jkominek,user,12,43,55
jktaotao,user,1,0,1
JLidia,user,0,3,3
jlm69,user,7,2,9
jlnewton87,user,2,0,2
jlord,user,51,32,83
jmanuelrosa,user,51,51,102
jmp75,user,23,16,39
joaoalto,user,16,18,34
JoaquimCMH,user,51,51,102
jockchou,user,51,17,68
joehalvarson,user,4,2,6
Joeycz,user,13,10,23
jofftiquez,user,10,11,21
johanzhu,user,29,51,80
johnpapa,user,51,0,51
johnvalai,user,8,6,14
johtso,user,15,18,33
JonatanSalas,user,51,51,102
jondot,user,51,51,102
joses-soul,user,45,51,96
joshlong,user,51,51,102
joshuadelange,user,10,36,46
JoveX,user,24,12,36
JoyHwong,user,12,5,17
jozadaquebatista,user,38,51,89
jpruiz114,user,51,51,102
Jpuelpan,user,48,51,99
jresendiz27,user,28,47,75
jrohatiner,user,21,21,42
JsAaron,user,51,42,93
jserme,user,51,14,65
jtsoi,user,5,4,9
julescarbon,user,51,51,102
jun-zhang,user,40,5,45
justb4,user,20,7,27
justbilt,user,27,43,70
Justineo,user,51,51,102
JustinJiaDev,user,27,13,40
JustinMutsito,user,4,6,10
JustinZhou,user,2,1,3
justmarkham,user,51,0,51
jyyan,user,18,51,69
k3bra,user,4,6,10
kakopappa,user,12,12,24
kakyoism,user,1,1,2
kamalh16,user,19,24,43
kamiya555,user,16,51,67
kangax,user,51,16,67
karacas,user,25,51,76
karymevirginia,user,1,0,1
kaustubhhiware,user,30,51,81
kc910521,user,11,24,35
kdubbels,user,3,5,8
kejinlu,user,51,18,69
kelonye,user,51,51,102
kenders2000,user,4,1,5
KenmaWu,user,1,1,2
KennedyTedesco,user,51,51,102
KennyMack,user,6,30,36
kenshinji,user,51,51,102
kentdlee,user,17,0,17
kerick-jeff,user,5,11,16
KevinsBobo,user,8,9,17
kexanie,user,33,51,84
kfalconspb,user,51,51,102
ki4wangdy,user,13,51,64
kiseliu,user,2,8,10
kiwenlau,user,51,6,57
kiwi4py,user,5,12,17
Kjuly,user,51,24,75
kk71,user,24,31,55
KommuSoft,user,51,51,102
konieshadow,user,30,47,77
konrad,user,51,7,58
koodlelab,user,8,0,8
koral--,user,51,3,54
kosamari,user,51,0,51
kotishe,user,51,51,102
koudelka,user,41,22,63
koush,user,51,14,65
krasimir,user,51,51,102
krishh2512,user,4,7,11
KristinaB-MLSSecDev,user,2,6,8
krzychukula,user,21,51,72
ksky521,user,51,17,68
ksr1122,user,9,40,49
kthompson,user,28,33,61
kun391,user,24,30,54
Kuroky360,user,17,51,68
kushagraagrawal,user,16,51,67
kvkens,user,24,51,75
kvukusic1,user,1,2,3
kxxoling,user,51,25,76
kymjs,user,51,51,102
KyssLi,user,2,6,8
l2x,user,26,51,77
L8D,user,38,5,43
LabsDotCoop,user,6,25,31
lakshaykalbhor,user,21,44,65
lamber-k,user,2,0,2
lammmmmmm,user,2,8,10
lanceWan,user,37,0,37
lando10,user,1,24,25
LandyGuo,user,51,51,102
Lanfei,user,51,51,102
LangZhai,user,6,6,12
laogong,user,12,35,47
LazarusX,user,22,32,54
lbj96347,user,51,51,102
lceberg,user,51,51,102
lchubiz,user,1,0,1
lcxfs1991,user,51,51,102
LeaderBiao,user,15,7,22
leafsoar,user,51,0,51
leandrosimoes,user,4,10,14
Leeeno,user,1,0,1
leeguoren,user,1,1,2
LeeYoo,user,0,8,8
legeneek,user,45,51,96
leifoolsen,user,47,51,98
leminski,user,2,42,44
lemire,user,51,29,80
leohxj,user,51,45,96
leokelly,user,2,40,42
LeonardoChirivi,user,13,44,57
leotrieu,user,51,0,51
lepture,user,51,51,102
lerosua,user,51,4,55
lerox,user,40,51,91
LeungGeorge,user,4,15,19
lewis617,user,51,0,51
LexieCore,user,12,48,60
lfkdsk,user,51,36,87
lgz715314,user,0,5,5
lh3,user,51,3,54
lhwork,user,12,51,63
lhzsantana,user,51,51,102
liangchencl,user,9,20,29
liaohuqiu,user,51,51,102
LibanTheDev,user,18,16,34
Librazy,user,43,30,73
lidinghao,user,51,51,102
lifesinger,user,51,12,63
lightningtgc,user,51,46,97
lihaoyi,user,51,0,51
lihuiba,user,10,2,12
likang,user,26,47,73
likelet,user,18,6,24
liman123,user,28,12,40
limatheus,user,51,51,102
Li-Mingxin,user,1,1,2
limingyang2012,user,51,51,102
lincanbin,user,51,0,51
lincolon,user,5,12,17
linesh-simplicity,user,51,51,102
lineway,user,3,19,22
linhua55,user,17,51,68
linjielangdang,user,4,7,11
linmq,user,10,51,61
linux-china,user,51,14,65
linyuwei,user,6,31,37
lipiji,user,51,51,102
LisaNguyen,user,14,19,33
lisency,user,11,17,28
litson,user,51,13,64
LIUBOliubo,user,51,13,64
liu-dongyu,user,51,51,102
liujianyong,user,2,11,13
LiuJi-Jim,user,51,24,75
liujin834,user,9,12,21
liungkejin,user,29,19,48
livacengiz,user,45,51,96
li-xinyang,user,51,2,53
LixinZhang,user,43,3,46
liyahui,user,11,8,19
lkalif,user,23,3,26
llazzaro,user,51,51,102
llh911001,user,51,51,102
lomereiter,user,45,15,60
longld,user,51,0,51
LooJee,user,8,9,17
lordnynex,user,51,15,66
lordofthejars,user,51,0,51
Lorentzca,user,21,30,51
lornajane,user,51,0,51
lorrylockie,user,36,6,42
loveandgoodatit,user,0,11,11
loveisbelief,user,2,12,14
LovelornPig,user,25,51,76
loyso,user,5,10,15
lrasmus,user,5,5,10
lroolle,user,5,51,56
lsgoulart,user,23,51,74
lsheble,user,4,5,9
lsjwzh,user,51,51,102
lskatz,user,13,11,24
lucasbento,user,51,51,102
LucasFrecia,user,9,11,20
lucasmlima08,user,11,35,46
lucidstack,user,19,24,43
lucky500,user,51,51,102
luhanGitHub,user,0,3,3
luin,user,51,51,102
luizfnunes,user,11,15,26
luk4z7,user,44,51,95
lukebuehler,user,38,3,41
LunaGao,user,15,7,22
Lunaticf,user,8,30,38
luolinjia,user,10,1,11
luoyjx,user,51,51,102
luqizheng,user,5,3,8
LuxoftNinja,user,11,51,62
lvraikkonen,user,4,13,17
lwhhhh,user,23,51,74
lxchuan12,user,24,51,75
lxghost,user,29,51,80
lxj,user,25,13,38
lxl0303,user,5,51,56
lxlxw,user,1,0,1
lxyc,user,2,11,13
lyg1986101,user,1,1,2
lyn716,user,20,39,59
LyndonChin,user,51,51,102
lyricat,user,51,18,69
lyz9082,user,9,36,45
lzlmike,user,8,14,22
m0n0ph1,user,51,51,102
M0xkLurk3r,user,40,51,91
M3kH,user,24,40,64
machaoqun0921,user,1,3,4
madguy02,user,8,24,32
MaDickal,user,14,15,29
Magdoll,user,17,5,22
magisystem,user,1,0,1
MagnifierSun,user,2,10,12
magro,user,51,30,81
MaherJendoubi,user,8,51,59
mahmoudparsian,user,51,51,102
makhtardiouf,user,18,26,44
Malhou,user,9,1,10
manashmndl,user,51,51,102
mandotpro,user,3,10,13
MannusEtten,user,3,51,54
manolaz,user,12,51,63
manu14889,user,51,51,102
manxisuo,user,30,51,81
maolion,user,44,51,95
Maoni0,user,51,0,51
Maras0830,user,30,46,76
marcelomaximiano,user,1,0,1
marcoalt,user,7,0,7
marcol,user,11,21,32
marijnkoolen,user,8,1,9
Mark24Code,user,51,51,102
markqin,user,27,32,59
marshalYuan,user,11,10,21
MartinBG,user,2,0,2
marwanhilmi,user,30,51,81
masel67,user,4,1,5
MaShiZhao,user,4,25,29
mason-mcglothlin,user,3,2,5
mathias-brandewinder,user,51,51,102
Mati365,user,51,51,102
matiasinsaurralde,user,51,51,102
matthelm,user,49,28,77
matthewrdev,user,25,9,34
MattLds,user,19,51,70
mattmcloughlin,user,1,3,4
mattparksdev,user,5,6,11
MattyO,user,23,16,39
matyhtf,user,51,5,56
MauricioCarneiro,user,17,3,20
maxhodak,user,41,3,44
maxogden,user,51,51,102
MaxPleaner,user,28,51,79
maxxiaobao,user,44,51,95
maxzhang,user,51,45,96
Mazbaul,user,15,51,66
mazhao,user,4,2,6
mazleo,user,16,20,36
mbostock,user,51,13,64
mbs0221,user,6,23,29
mcauser,user,43,42,85
mchudy,user,2,0,2
mclamp,user,5,0,5
mdo,user,51,1,52
MDOR,user,17,40,57
mdrobny,user,8,10,18
mdsmithson,user,3,6,9
medz,user,40,3,43
membphis,user,51,0,51
mendsley,user,51,30,81
menduo,user,10,51,61
mengwangk,user,1,0,1
mengye-yang,user,15,51,66
MengYP,user,15,29,44
mentol0126,user,5,3,8
Mestelan,user,4,8,12
MeteoBoy4,user,8,51,59
metulburr,user,34,45,79
mgenware,user,51,7,58
mgwhitfield,user,51,51,102
mgzxzy,user,8,45,53
mhart,user,51,51,102
mhenke,user,51,51,102
mhndev,user,28,51,79
MiaoxWu,user,1,43,44
miasami,user,1,4,5
michaelcontento,user,51,2,53
michalkvasnicak,user,41,37,78
michalmatoga,user,10,16,26
MichalPaszkiewicz,user,51,51,102
micheleYPF,user,16,40,56
michellepepe,user,41,51,92
micobargo,user,7,6,13
micromaomao,user,24,16,40
mikeant42,user,7,42,49
mikechi4,user,2,1,3
mikekiwa,user,5,51,56
miketheredherring,user,1,2,3
mikeylinux,user,30,51,81
MilkXu,user,2,1,3
miloyip,user,51,21,72
minademian,user,5,15,20
MindWare2016,user,6,51,57
MingcongBai,user,51,51,102
mingshi,user,24,29,53
minmemory,user,51,12,63
minoriwww,user,11,51,62
mirfilip,user,9,6,15
mishin,user,51,51,102
mitchellh,user,51,0,51
mizumot,user,10,1,11
mjhsieh,user,30,14,44
mjk0621,user,5,24,29
mjnr,user,51,51,102
mkbiltek,user,4,51,55
mkideal,user,13,0,13
mmeyer2k,user,51,51,102
mndoci,user,51,51,102
mocheng,user,30,22,52
moell-peng,user,8,3,11
MohanL,user,29,51,80
mohdule,user,14,31,45
Mona19,user,21,51,72
moneya,user,4,51,55
monkollek,user,6,0,6
monsieurCarter,user,10,18,28
montyanderson,user,43,51,94
moreirawebmaster,user,6,12,18
morther,user,1,0,1
mortonfox,user,51,51,102
morufib,user,5,12,17
mosaic101,user,9,20,29
Mosoc,user,49,51,100
mougua,user,16,36,52
mountain,user,51,51,102
mowangdk,user,13,22,35
mpa,user,9,16,25
mpatacchiola,user,32,5,37
mpkocher,user,16,3,19
MPPECS,user,5,9,14
mpr0xy,user,24,51,75
mrange,user,21,3,24
MrKiven,user,51,51,102
mrmiywj,user,51,51,102
mrrizal,user,4,8,12
mrtim247,user,6,36,42
Mrxdh,user,33,51,84
Mrzeron,user,51,1,52
Mrzhangjwei,user,9,51,60
MSC19950601,user,29,51,80
msinia,user,19,38,57
mtschoen,user,12,7,19
mturley,user,10,14,24
muan,user,51,51,102
mucbuc,user,51,51,102
muhammedzaimtr,user,19,51,70
muhammetvrl,user,4,37,41
muhonglong,user,5,8,13
mukuyoubi,user,15,42,57
muucouple,user,2,1,3
MWers,user,7,17,24
mylxn,user,51,51,102
MyselfKhayer,user,51,51,102
myst729,user,51,51,102
myuanyuan,user,51,3,54
Mywifeng,user,1,1,2
n8e,user,25,51,76
nabilov,user,31,51,82
nachmore,user,12,0,12
namuol,user,51,48,99
Nandaka,user,51,1,52
nardinan,user,18,38,56
nathanpc,user,51,42,93
natuanorg,user,51,51,102
nazaninreihani,user,5,3,8
ndaidong,user,48,51,99
ndres,user,12,15,27
negativo,user,51,51,102
nekocode,user,51,51,102
nelsera,user,51,51,102
nenadg,user,36,51,87
neomantra,user,49,17,66
Nerfling,user,1,0,1
netstao,user,28,51,79
nevan1364257,user,51,51,102
newbietao,user,13,51,64
nfischer,user,48,26,74
ngnono,user,7,17,24
nguyen124,user,5,1,6
niangaotuantuan,user,51,51,102
nickchalkida,user,9,22,31
NickersF,user,18,17,35
nicksagona,user,51,51,102
nicksav,user,3,0,3
nicoJiang,user,17,39,56
NicoVogel,user,2,0,2
NightCatSama,user,39,24,63
niklaus520,user,51,51,102
nikolayvoronchikhin,user,51,51,102
nilsbunger,user,5,3,8
nimojs,user,51,38,89
Ninee,user,3,3,6
nivit,user,39,51,90
nizq,user,34,51,85
nkolban,user,51,0,51
nkzawa,user,51,26,77
nlhepler,user,26,2,28
nmter,user,5,50,55
nocoolnicksleft,user,2,0,2
noparkinghere,user,9,34,43
noraesae,user,51,19,70
nqdeng,user,51,3,54
nswbmw,user,51,51,102
nuclearace,user,51,2,53
Nurgak,user,34,3,37
nydia4ever,user,4,8,12
Nyloner,user,38,10,48
o2co2,user,15,0,15
oazabir,user,51,0,51
obernardovieira,user,51,51,102
oblank,user,19,51,70
octavian-paraschiv,user,1,0,1
oc-weilin-shi,user,3,0,3
ogzolmz,user,16,51,67
ohmycloud,user,9,8,17
oklai,user,51,9,60
olanleed,user,14,13,27
olivee,user,7,2,9
oliversalzburg,user,43,51,94
olmokramer,user,10,0,10
omarsar,user,45,51,96
omerucel,user,34,51,85
onechenxing,user,8,8,16
onesuper,user,51,51,102
onhate,user,15,18,33
onurkaracali,user,44,51,95
openproject,user,51,26,77
opg7371,user,4,41,45
oshliaer,user,21,35,56
otakustay,user,51,23,74
otassel,user,12,40,52
OUCHUNYU,user,19,51,70
ovangmbh,user,1,1,2
overengineered,user,2,0,2
Ovilia,user,51,51,102
owebmaster,user,45,51,96
owenzhang,user,51,0,51
owndann,user,51,51,102
ozlerhakan,user,51,51,102
Ozzie3000,user,37,34,71
pandada8,user,51,51,102
Panda-lala,user,7,16,23
Pandoraemon,user,2,3,5
panghaijiao,user,51,3,54
Pankaj-IITR,user,6,22,28
panlw,user,44,51,95
paranoidjk,user,24,51,75
Parthas-Menethil,user,13,22,35
pathcl,user,36,51,87
PatrickLouys,user,45,35,80
paulhendricks,user,51,51,102
paulirish,user,51,51,102
paulmillr,user,51,10,61
pbespechnyi,user,16,44,60
pb-jchin,user,51,15,66
pearkes,user,51,51,102
pedrocrisp,user,8,5,13
pedRo-shd,user,10,23,33
pedrualves,user,49,51,100
peiyucn,user,22,37,59
PendletonJones,user,7,13,20
pengshuang,user,3,11,14
pengxxxx,user,0,3,3
pentae,user,3,1,4
Percy0601,user,51,6,57
perrier1034,user,5,4,9
petere,user,51,8,59
peterjc,user,51,9,60
peterkokot,user,51,51,102
peterldowns,user,51,31,82
PeterTheHe,user,2,0,2
Petya-Naumova,user,23,51,74
peyman24x,user,8,2,10
pezmaster31,user,45,9,54
philmander,user,15,8,23
philshaweny,user,1,51,52
phodal,user,51,13,64
PhylumChordata,user,5,51,56
piedar,user,20,0,20
piet5211,user,1,3,4
pilardo,user,11,51,62
pillar,user,44,51,95
Pindar,user,26,49,75
pingan1927,user,25,37,62
pinggod,user,51,25,76
pinto-resmadrid,user,8,51,59
piotrjura,user,20,45,65
pissang,user,51,38,89
PixelsCommander,user,51,51,102
pjreddie,user,51,1,52
planlodge,user,42,51,93
plasmashadow,user,46,51,97
platosha,user,6,12,18
plorent,user,10,16,26
plugine,user,15,6,21
pointerunsa,user,3,51,54
polong-lin,user,16,1,17
PonyCui,user,51,23,74
PProvost,user,51,16,67
prajaybasu,user,4,51,55
pramendra,user,5,7,12
PRbsas,user,2,24,26
priom,user,14,36,50
prKassad,user,51,5,56
profGerman,user,13,21,34
programmatom,user,1,0,1
programthink,user,51,0,51
ProHiryu,user,1,2,3
psyb0t,user,34,51,85
pumadong,user,51,0,51
q--,user,4,0,4
q474818917,user,11,28,39
qieguo2016,user,51,45,96
QiJunHu,user,1,5,6
qinix,user,51,51,102
qinqiang888,user,0,3,3
qiuyuxiong,user,1,0,1
qiyian,user,51,29,80
qqqzhch,user,23,9,32
quasi,user,21,51,72
quasistatic89,user,1,0,1
quietcoolwu,user,28,51,79
qulei841026,user,4,7,11
quxiaofeng,user,51,51,102
qyuhen,user,51,0,51
r9y9,user,50,30,80
radtek,user,1,0,1
rafaelcarvalhocaetano,user,7,50,57
rafiqbd,user,1,2,3
rafsanjani,user,12,38,50
raghavakumar8,user,2,0,2
rahuldecoded,user,7,39,46
rahulravindran0108,user,27,31,58
rainfroid,user,15,21,36
rainmanwy,user,15,20,35
rajasimon,user,19,39,58
rajcybage,user,51,51,102
RandomEngy,user,10,0,10
RandomOutput,user,11,1,12
rang9527,user,26,51,77
Ranjit2,user,7,9,16
RanLee,user,11,37,48
RatanPaul,user,32,51,83
ravenac95,user,36,32,68
Rayi,user,51,41,92
RazakMohammed,user,1,51,52
rdpeng,user,51,3,54
rdsr,user,26,51,77
RealityDaemon,user,51,51,102
ReidHolmes,user,51,51,102
remipassmoilesel,user,21,51,72
remirobert,user,51,51,102
renzhe0009,user,4,11,15
Restyu,user,24,47,71
rexnxiaobai,user,1,24,25
rhutchison,user,16,24,40
ricardofbarros,user,51,51,102
ricardoquesada,user,51,36,87
richardmleggett,user,24,7,31
Richardphp,user,19,51,70
richrdkng,user,12,26,38
rickymaciel,user,9,48,57
rickymf4,user,1,6,7
RiflerRick,user,4,29,33
rijarobinson,user,4,6,10
ritsuyan,user,7,32,39
riyasmohamedmr,user,51,51,102
rlesca01,user,13,51,64
rmacy,user,51,51,102
rmbernardi,user,34,51,85
robbin,user,51,17,68
robertjack,user,43,51,94
robipresotto,user,9,33,42
robodasha,user,5,9,14
robotlolita,user,51,51,102
robotomize,user,35,51,86
rockerhieu,user,51,25,76
rod-lin,user,51,51,102
rodolfo2488,user,45,51,96
rofrischmann,user,51,8,59
RogerFederer03,user,51,51,102
rogie,user,51,5,56
Ron89,user,14,4,18
ronenbarak,user,1,0,1
rong8296,user,32,43,75
rongwanru,user,44,51,95
ronpx,user,2,24,26
roshanca,user,51,51,102
rossanthony,user,8,16,24
rotoava,user,17,51,68
roxit,user,22,25,47
roylee0704,user,50,51,101
rpoplin,user,12,7,19
rramsden,user,50,51,101
ruanyf,user,51,0,51
Rud5G,user,51,51,102
rudolfoborges,user,51,51,102
rushilgoyal,user,3,2,5
RustonOoOo,user,6,15,21
ruxandraburtica,user,8,8,16
rwg0,user,3,0,3
rxbynerd,user,36,51,87
ryanbungard,user,4,3,7
ryosuketter,user,19,33,52
ryotako,user,5,22,27
Sabirjan,user,51,51,102
sabrinaluo,user,30,51,81
sabs47,user,17,48,65
salinsde,user,5,3,8
samayo,user,11,0,11
SamHecquet,user,7,12,19
samundrak,user,45,51,96
samwangzhibo,user,7,17,24
samyk,user,51,51,102
sandeepmistry,user,51,51,102
saopayne,user,39,51,90
satcon,user,0,10,10
SathishGajendran,user,44,51,95
satrap92,user,16,51,67
saulojmc,user,27,51,78
savageautomate,user,13,3,16
sb2nov,user,51,10,61
schenkd,user,4,5,9
schubertzhang,user,24,20,44
ScottHelme,user,35,0,35
scottjehl,user,51,36,87
SCP-173-cool,user,4,5,9
scq000,user,18,51,69
scriptlover,user,5,16,21
scvthedefect,user,9,15,24
sdeleuze,user,51,7,58
seajean,user,18,27,45
SebastianNiemann,user,6,10,16
seisman,user,51,1,52
SellaRafaeli,user,5,0,5
sendon,user,50,51,101
Sergeykot,user,11,19,30
SergioEnrique,user,37,51,88
serhatakalin,user,13,12,25
sethjuarez,user,51,2,53
sethvargo,user,51,13,64
severussundar,user,16,51,67
seyfer,user,51,51,102
sfgit,user,37,2,39
shagunsodhani,user,51,51,102
shamimgeek,user,2,49,51
shanselman,user,51,26,77
shbhrsaha,user,51,26,77
shenwei356,user,51,51,102
shicai,user,51,51,102
ShichaoMa,user,15,1,16
shidenggui,user,51,0,51
shilpavijay,user,5,18,23
shimat,user,51,11,62
Shipow,user,51,51,102
shivamshekhar,user,51,51,102
ShiyaoB,user,3,4,7
shoshindes,user,51,51,102
ShuaiW,user,12,0,12
ShuangluHu,user,1,0,1
shubh3794,user,17,51,68
shuijing117,user,22,51,73
sidharthasingh,user,2,21,23
SilambarasanM,user,20,51,71
simongfxu,user,51,51,102
SimonRichardson,user,51,33,84
simpleapples,user,28,29,57
sintaxesinistro,user,41,51,92
sitilge,user,51,14,65
Sjeiti,user,8,5,13
SKAhack,user,27,4,31
SKCXY,user,2,2,4
skwasjer,user,1,0,1
slankdev,user,44,51,95
slavo7,user,5,3,8
slinto,user,18,24,42
sloumdrone,user,1,2,3
Slowhand0309,user,23,51,74
slurmulon,user,38,51,89
smallkid,user,15,51,66
smallyin,user,32,51,83
smartydroid,user,48,4,52
snargledorf,user,4,3,7
snowie2000,user,51,0,51
snowluliang,user,9,47,56
sofish,user,51,18,69
somayeh-karami,user,4,1,5
Somnusochi,user,7,15,22
songlili,user,2,51,53
songrotek,user,51,12,63
sotch-pr35mac,user,26,32,58
soulmachine,user,51,51,102
souravsingh,user,36,51,87
soyelmnd,user,51,51,102
sp1thas,user,9,37,46
spboyer,user,51,14,65
spf13,user,51,51,102
spinute,user,14,18,32
spleennooname,user,4,49,53
squild-mtinnemeier,user,1,1,2
srayner,user,51,51,102
srichintala,user,1,0,1
sshnevis,user,5,1,6
sspreitzer,user,39,51,90
ssundarraj,user,51,51,102
stanza28,user,2,28,30
starrkdevil,user,5,25,30
stefanivic,user,18,51,69
StephanieSpanjian,user,13,21,34
StephanWeinhold,user,30,51,81
StephenWang7971,user,16,2,18
stevelorenz,user,24,51,75
steven-ferrer,user,7,24,31
StevenMedina,user,35,51,86
sthapa123,user,2,9,11
stliu,user,51,2,53
stoked-zz,user,51,51,102
stone-jin,user,51,51,102
stormhouse,user,24,51,75
stplotnikov,user,4,14,18
strin,user,51,51,102
struCoder,user,23,9,32
subaddiction,user,23,45,68
substack,user,51,51,102
suitengu,user,19,27,46
sumit007,user,4,9,13
sunanyway,user,10,18,28
sunbjt,user,51,10,61
sunpeng1996,user,37,51,88
sunxingxingtf,user,4,51,55
sunyui,user,1,0,1
superblr,user,51,51,102
Supergran,user,6,3,9
superjavason,user,25,45,70
SuperSuperSuperSuper5,user,7,13,20
supgeek-rod,user,42,51,93
SurfingNerd,user,1,2,3
surikov,user,9,0,9
suyuanhxx,user,6,8,14
svaarala,user,51,1,52
svda,user,8,2,10
swq0553,user,2,7,9
SxxSxx,user,6,17,23
syimyuzya,user,27,3,30
sylnsfar,user,51,12,63
sylviapric,user,51,51,102
synapzd,user,1,44,45
szakalq,user,24,40,64
t02uk,user,13,15,28
t2tre,user,4,9,13
TabrisK,user,12,14,26
tafhimul,user,51,51,102
taisasilva,user,3,16,19
Taishi-Y,user,18,42,60
Taity-mini,user,8,17,25
takwas,user,51,51,102
tangdu,user,23,1,24
tangguangyao,user,51,30,81
tanglong0714,user,0,3,3
tangqiaoboy,user,51,50,101
tankywoo,user,51,13,64
TaoTian,user,18,30,48
tao-wai,user,6,0,6
taowen,user,51,2,53
tawan158,user,4,1,5
tbs1980,user,51,51,102
Teamo1001,user,5,13,18
technologiclee,user,51,51,102
techtwaddle,user,4,7,11
TEitelberg,user,2,2,4
TemaSM,user,12,43,55
tennisonchan,user,51,51,102
terbo,user,5,5,10
TerenceWallace,user,1,2,3
teresamorais,user,14,5,19
ternsip,user,51,51,102
teropa,user,51,35,86
TerribleDev,user,33,20,53
tfredrich,user,51,17,68
tgh,user,2,0,2
thabomosenthal,user,2,27,29
theappleman,user,5,4,9
TheDeepThinker,user,11,51,62
TheGossamerFiles,user,14,49,63
theturtle32,user,51,20,71
theuves,user,51,51,102
thiagolimaa,user,37,51,88
Thinking80s,user,27,51,78
tian52,user,2,3,5
tianguanghui,user,13,51,64
TianJiaDaShao,user,51,51,102
tianlei1991,user,0,12,12
tianxiangyi,user,30,51,81
tiggreen,user,51,51,102
timBrockman,user,48,51,99
timkofu,user,23,20,43
timothykibler,user,6,8,14
tj,user,51,51,102
tjuking,user,23,31,54
tjwudi,user,51,51,102
tkaden4,user,35,51,86
tkerelska,user,1,0,1
tmfromer,user,2,1,3
tmoreton,user,6,6,12
tmquang6805,user,20,51,71
tnbeatty,user,22,27,49
tngan,user,51,51,102
tnjaile,user,5,1,6
tomitomi3,user,4,8,12
tomlepaine,user,51,33,84
tony-hong,user,15,15,30
TooTallNate,user,51,51,102
ToruMakabe,user,16,1,17
torvalds,user,51,0,51
toshiemon18,user,42,51,93
toumubaoqiong,user,12,51,63
Toxic-Hydra,user,7,8,15
toxtli,user,51,51,102
trevorstephens,user,51,40,91
Trinea,user,51,37,88
trinhdung0911,user,4,51,55
trvrb,user,51,51,102
tsg,user,37,7,44
TsingfunLee,user,13,51,64
Tsmith5151,user,7,9,16
ttsiodras,user,51,0,51
Tuxified,user,26,51,77
tuzhao,user,9,30,39
tvvocold,user,51,51,102
twbattaglia,user,6,11,17
txmodxoops,user,11,25,36
tychio,user,51,48,99
tylerhether,user,4,7,11
tyn520215,user,6,21,27
typicalmike002,user,8,6,14
tyrantgit,user,51,7,58
tzq668766,user,51,51,102
u4bi,user,31,33,64
ucasFL,user,5,12,17
udo-stenzel,user,9,0,9
ukeller,user,2,0,2
UltramanGaia,user,1,2,3
ultrasilicon,user,51,51,102
unidospelosoftware,user,8,22,30
un-knight,user,3,8,11
upccup,user,5,3,8
upeoe,user,5,19,24
uppusaikiran,user,22,51,73
userzimmermann,user,26,51,77
usethetics,user,12,24,36
utensil,user,51,51,102
uynap,user,2,0,2
VagrantStory,user,51,51,102
Vamei,user,51,4,55
Vanessa219,user,51,40,91
VanKuang,user,5,7,12
vansh007,user,35,51,86
varungn,user,13,19,32
vc9308,user,5,50,55
vczero,user,51,28,79
vczh,user,51,7,58
velocirabbit,user,3,6,9
Vermisse,user,51,51,102
vfreex,user,8,3,11
vicboma1,user,51,51,102
viile,user,26,51,77
vincentbernat,user,51,5,56
Vincoll,user,4,2,6
viniciusbo,user,24,34,58
vinta,user,51,51,102
visualdensity,user,28,51,79
viyancs,user,26,51,77
vladimirpotapov,user,0,1,1
vlux,user,19,51,70
voltan,user,35,51,86
vominhtri1107,user,51,51,102
vortec,user,16,28,44
Vtrois,user,20,0,20
VukDukic,user,49,51,100
walkor,user,51,6,57
walkthetalk,user,13,51,64
WallysonNunes,user,22,28,50
walsvid,user,7,51,58
wang4yu6peng13,user,19,1,20
wangchao1992,user,5,6,11
wangchi,user,43,51,94
waruqi,user,51,20,71
waymao,user,1,5,6
wchaowu,user,51,25,76
wd5gnr,user,13,4,17
webdevilopers,user,33,51,84
webfing,user,18,34,52
webhood,user,3,15,18
web-young-sunflower,user,6,9,15
weekface,user,33,51,84
weikaishio,user,1,2,3
wellsjo,user,51,42,93
wenshao,user,51,12,63
WentaoZero,user,10,40,50
wenzhixin,user,51,43,94
werdna11,user,0,2,2
wgwang,user,7,17,24
whatiswho,user,6,9,15
WhiteSymmetry,user,2,51,53
widmogrod,user,51,36,87
WildDylan,user,51,51,102
will02,user,7,51,58
WillemJan,user,51,51,102
willyelm,user,37,51,88
wilon,user,31,51,82
wilsonpinto,user,45,51,96
windylinkin,user,11,51,62
wiretap757,user,1,2,3
WisdomFusion,user,29,44,73
witmin,user,22,15,37
WizarDRW,user,8,19,27
wizicer,user,28,28,56
wldandan,user,39,51,90
wmwwmv,user,5,51,56
wolf96,user,51,16,67
Wolf-Code,user,1,2,3
wp19921010,user,4,6,10
wtaon,user,25,23,48
wucao,user,44,4,48
wudixiaop,user,24,9,33
wujunnan0929,user,1,3,4
wukainf,user,13,35,48
wuxiaochuang,user,2,0,2
wuye9036,user,51,1,52
wuyuejianjue,user,17,51,68
wwuwei123456,user,0,51,51
wxd1991,user,31,51,82
wxyyxc1992,user,51,46,97
wysaid,user,51,8,59
X1n9,user,2,10,12
xbee,user,4,32,36
xcatliu,user,51,51,102
xdainy21xx,user,2,15,17
xfworld,user,7,13,20
xhzengAIB,user,51,51,102
xiaojue,user,51,51,102
xiaolai,user,51,20,71
xiaoxiaoyao,user,19,18,37
xiaoxiongli,user,2,7,9
xicilion,user,51,0,51
xied75,user,10,24,34
xieguigang,user,51,51,102
xierenyuan,user,19,11,30
xieshb,user,1,1,2
xingkongliang,user,2,20,22
xinyzhang9,user,15,12,27
xionglun,user,30,8,38
XMUCCF,user,2,24,26
xoopsfire,user,9,3,12
xoposhiy,user,38,1,39
xsstomy,user,24,51,75
xu-duqing,user,10,44,54
xufei,user,51,51,102
xuxiaodong,user,51,51,102
xuxueli,user,51,1,52
xuyanjoseph,user,32,51,83
xuyisheng,user,51,51,102
xuzhiping7,user,11,10,21
xwren362922604,user,13,0,13
xyzhanjiang,user,38,35,73
yahaa,user,17,24,41
yaitloutou,user,4,29,33
yajra,user,51,9,60
yalcin,user,13,36,49
yama-dev,user,12,19,31
YanagiEiichi,user,51,3,54
yangjl,user,38,51,89
yangwq123,user,0,3,3
yang-zhang-syd,user,6,3,9
yanshaojing,user,2,2,4
YaoStriveCode,user,0,13,13
yapingzhang,user,4,46,50
yashk2810,user,7,17,24
yayuntian,user,51,26,77
ycchen1989,user,5,12,17
Ycfx,user,23,30,53
yebangyu,user,44,0,44
yedaodao,user,14,16,30
yedelingdong,user,6,51,57
yellowbig,user,37,26,63
yelsayed,user,28,36,64
yfgeek,user,51,51,102
yihui,user,51,47,98
yinruiqing,user,9,26,35
yinuoba,user,32,30,62
yinwang0,user,51,1,52
yjwx0017,user,11,15,26
ylxdzsw,user,51,51,102
yokkora,user,7,51,58
yoksel,user,51,11,62
yolt,user,51,51,102
yorkie,user,51,51,102
youlookwhat,user,9,51,60
young40,user,24,9,33
YousefED,user,36,14,50
youxiachai,user,51,51,102
ypersyntelykos,user,51,51,102
yse100,user,0,2,2
yshnb,user,12,16,28
yszheda,user,51,51,102
yuanbei,user,10,31,41
yuansir,user,51,14,65
YuDiXueShan,user,5,51,56
yuduanchen,user,35,2,37
yueteng,user,2,0,2
yuguo,user,51,17,68
YuHao-KitPies,user,1,1,2
YurePereira,user,14,26,40
yu-shang,user,0,5,5
yydcdut,user,51,51,102
yyx990803,user,51,51,102
zackhaikal,user,51,51,102
zafersn,user,4,2,6
zccrs,user,37,17,54
zdfs,user,51,28,79
zefi,user,3,1,4
zengzhiqiang90,user,1,2,3
zezewoo,user,12,23,35
zhangchan,user,6,19,25
zhanghuanchong,user,25,51,76
zhangkaitao,user,51,0,51
zhangnew,user,2,36,38
ZhaoKaiQiang,user,51,43,94
zhaoweiwang,user,17,35,52
ZhaoYunchn,user,2,12,14
zhbzz2007,user,6,51,57
zhedahht,user,51,1,52
ZheLI0319,user,14,40,54
ZhenGangLiu,user,7,34,41
zhengxiaopeng,user,51,25,76
ZhenshengLee,user,1,4,5
zhiaixuexi,user,51,51,102
zhipengyan,user,17,22,39
zhuangking,user,0,17,17
zhuxindaba,user,18,21,39
ZhuYilin10,user,2,20,22
zilong-thu,user,23,20,43
zippera,user,51,39,90
zipu888,user,27,51,78
ziyou8,user,1,13,14
zjb-bo,user,1,13,14
zjmwqx,user,1,23,24
zlmzju,user,21,26,47
zmgall,user,7,22,29
zmicier,user,6,16,22
zoieyr,user,7,34,41
zokeber,user,51,51,102
zp-j,user,51,51,102
zrcing,user,51,51,102
zsg1990ok,user,2,4,6
zswang,user,51,51,102
zTree,user,51,1,52
zyclincoln,user,22,29,51
zythum,user,51,6,57
zzl5221281994,user,11,19,30
